304.00
304.00
303.00
303.00
303.00
303.00
303.00
303.00
303.00
303.00
303.00
304.00
304.00
304.00
304.00
304.00
304.00
304.00
304.00
304.00
304.00
304.00
304.00
303.00
304.00
304.00
304.00
304.00
304.00
304.00
303.00
303.00
304.00
304.00
304.00
304.00
304.00
304.00
304.00
304.00
304.00
304.00
303.00
303.00
304.00
304.00
304.00
304.00
304.00
304.00
304.00
304.00
305.00
308.00
308.00
307.00
304.00
304.00
304.00
304.00
304.00
304.00
304.00
304.00
302.00
302.00
302.00
304.00
304.00
304.00
303.00
303.00
303.00
304.00
307.00
307.00
307.00
305.00
305.00
310.00
312.00
312.00
308.00
304.00
304.00
304.00
304.00
304.00
304.00
304.00
304.00
304.00
304.00
304.00
303.00
304.00
304.00
305.00
305.00
305.00
305.00
304.00
304.00
304.00
305.00
305.00
305.00
304.00
304.00
304.00
304.00
304.00
304.00
304.00
304.00
304.00
304.00
304.00
304.00
304.00
304.00
304.00
304.00
304.00
302.00
302.00
302.00
304.00
304.00
304.00
304.00
305.00
305.00
305.00
305.00
305.00
304.00
304.00
304.00
304.00
304.00
304.00
304.00
304.00
304.00
304.00
304.00
304.00
305.00
305.00
305.00
305.00
304.00
304.00
304.00
305.00
305.00
305.00
305.00
305.00
305.00
305.00
305.00
305.00
305.00
305.00
305.00
305.00
305.00
305.00
305.00
305.00
306.00
306.00
306.00
305.00
305.00
305.00
305.00
305.00
305.00
305.00
305.00
305.00
305.00
305.00
305.00
305.00
305.00
305.00
305.00
305.00
305.00
305.00
305.00
305.00
305.00
304.00
304.00
305.00
305.00
305.00
304.00
304.00
304.00
305.00
305.00
305.00
308.00
310.00
310.00
307.00
305.00
305.00
305.00
305.00
305.00
305.00
305.00
305.00
305.00
305.00
305.00
306.00
306.00
0.00
